//////////////////////////////////////////////////
//   Texton Filter Banks 
//   copyright@Wuxi JunYu Ltd.
//////////////////////////////////////////////////

//Please note the filterbank is already rotated by 180 degree 
//based on original filter banks, same as the operation of conv2.


	const double Texton_FB_Group_19[12*(19*19)] = { 
	/* filter 1 */
	-2.888828e-005, 	-2.888828e-005, 	-2.888828e-005, 	-2.888828e-005, 	-2.888828e-005, 	-2.888828e-005, 	-2.888828e-005, 	-2.888828e-005, 	-2.888828e-005, 	-2.888828e-005, 	-2.888828e-005, 	-2.888828e-005, 	-2.888828e-005, 	-2.888828e-005, 	-2.888828e-005, 	-2.888828e-005, 	-2.888828e-005, 	-2.888828e-005, 	-2.888828e-005, 
	-2.888828e-005, 	-2.888828e-005, 	-2.888828e-005, 	-2.888828e-005, 	-2.888828e-005, 	-2.888828e-005, 	-2.888828e-005, 	-2.888828e-005, 	-2.888828e-005, 	-2.888828e-005, 	-2.888828e-005, 	-2.888828e-005, 	-2.888828e-005, 	-2.888828e-005, 	-2.888828e-005, 	-2.888828e-005, 	-2.888828e-005, 	-2.888828e-005, 	-2.888828e-005, 
	-2.888827e-005, 	-2.888827e-005, 	-2.888826e-005, 	-2.888824e-005, 	-2.888821e-005, 	-2.888816e-005, 	-2.888811e-005, 	-2.888805e-005, 	-2.888801e-005, 	-2.888800e-005, 	-2.888801e-005, 	-2.888805e-005, 	-2.888811e-005, 	-2.888816e-005, 	-2.888821e-005, 	-2.888824e-005, 	-2.888826e-005, 	-2.888827e-005, 	-2.888827e-005, 
	-2.888717e-005, 	-2.888545e-005, 	-2.888182e-005, 	-2.887506e-005, 	-2.886403e-005, 	-2.884844e-005, 	-2.882966e-005, 	-2.881101e-005, 	-2.879704e-005, 	-2.879180e-005, 	-2.879704e-005, 	-2.881101e-005, 	-2.882966e-005, 	-2.884844e-005, 	-2.886403e-005, 	-2.887506e-005, 	-2.888182e-005, 	-2.888545e-005, 	-2.888717e-005, 
	-2.875278e-005, 	-2.854253e-005, 	-2.809802e-005, 	-2.727030e-005, 	-2.592095e-005, 	-2.401355e-005, 	-2.171476e-005, 	-1.943219e-005, 	-1.772249e-005, 	-1.708107e-005, 	-1.772249e-005, 	-1.943219e-005, 	-2.171476e-005, 	-2.401355e-005, 	-2.592095e-005, 	-2.727030e-005, 	-2.809802e-005, 	-2.854253e-005, 	-2.875278e-005, 
	-2.314942e-005, 	-1.424435e-005, 	4.583028e-006, 	3.964077e-005, 	9.679201e-005, 	1.775798e-004, 	2.749444e-004, 	3.716220e-004, 	4.440362e-004, 	4.712032e-004, 	4.440362e-004, 	3.716220e-004, 	2.749444e-004, 	1.775798e-004, 	9.679201e-005, 	3.964077e-005, 	4.583028e-006, 	-1.424435e-005, 	-2.314942e-005, 
	5.061099e-005, 	1.739711e-004, 	4.347829e-004, 	9.204307e-004, 	1.712135e-003, 	2.831272e-003, 	4.180044e-003, 	5.519299e-003, 	6.522438e-003, 	6.898777e-003, 	6.522438e-003, 	5.519299e-003, 	4.180044e-003, 	2.831272e-003, 	1.712135e-003, 	9.204307e-004, 	4.347829e-004, 	1.739711e-004, 	5.061099e-005, 
	2.694695e-004, 	7.324352e-004, 	1.711252e-003, 	3.533870e-003, 	6.505107e-003, 	1.070519e-002, 	1.576708e-002, 	2.079325e-002, 	2.455799e-002, 	2.597038e-002, 	2.455799e-002, 	2.079325e-002, 	1.576708e-002, 	1.070519e-002, 	6.505107e-003, 	3.533870e-003, 	1.711252e-003, 	7.324352e-004, 	2.694695e-004, 
	-5.658584e-005, 	-9.956453e-005, 	-1.904314e-004, 	-3.596312e-004, 	-6.354613e-004, 	-1.025369e-003, 	-1.495281e-003, 	-1.961878e-003, 	-2.311372e-003, 	-2.442488e-003, 	-2.311372e-003, 	-1.961878e-003, 	-1.495281e-003, 	-1.025369e-003, 	-6.354613e-004, 	-3.596312e-004, 	-1.904314e-004, 	-9.956453e-005, 	-5.658584e-005, 
	-7.250565e-004, 	-1.805310e-003, 	-4.089217e-003, 	-8.341993e-003, 	-1.527488e-002, 	-2.507507e-002, 	-3.688615e-002, 	-4.861389e-002, 	-5.739829e-002, 	-6.069385e-002, 	-5.739829e-002, 	-4.861389e-002, 	-3.688615e-002, 	-2.507507e-002, 	-1.527488e-002, 	-8.341993e-003, 	-4.089217e-003, 	-1.805310e-003, 	-7.250565e-004, 
	-5.658584e-005, 	-9.956453e-005, 	-1.904314e-004, 	-3.596312e-004, 	-6.354613e-004, 	-1.025369e-003, 	-1.495281e-003, 	-1.961878e-003, 	-2.311372e-003, 	-2.442488e-003, 	-2.311372e-003, 	-1.961878e-003, 	-1.495281e-003, 	-1.025369e-003, 	-6.354613e-004, 	-3.596312e-004, 	-1.904314e-004, 	-9.956453e-005, 	-5.658584e-005, 
	2.694695e-004, 	7.324352e-004, 	1.711252e-003, 	3.533870e-003, 	6.505107e-003, 	1.070519e-002, 	1.576708e-002, 	2.079325e-002, 	2.455799e-002, 	2.597038e-002, 	2.455799e-002, 	2.079325e-002, 	1.576708e-002, 	1.070519e-002, 	6.505107e-003, 	3.533870e-003, 	1.711252e-003, 	7.324352e-004, 	2.694695e-004, 
	5.061099e-005, 	1.739711e-004, 	4.347829e-004, 	9.204307e-004, 	1.712135e-003, 	2.831272e-003, 	4.180044e-003, 	5.519299e-003, 	6.522438e-003, 	6.898777e-003, 	6.522438e-003, 	5.519299e-003, 	4.180044e-003, 	2.831272e-003, 	1.712135e-003, 	9.204307e-004, 	4.347829e-004, 	1.739711e-004, 	5.061099e-005, 
	-2.314942e-005, 	-1.424435e-005, 	4.583028e-006, 	3.964077e-005, 	9.679201e-005, 	1.775798e-004, 	2.749444e-004, 	3.716220e-004, 	4.440362e-004, 	4.712032e-004, 	4.440362e-004, 	3.716220e-004, 	2.749444e-004, 	1.775798e-004, 	9.679201e-005, 	3.964077e-005, 	4.583028e-006, 	-1.424435e-005, 	-2.314942e-005, 
	-2.875278e-005, 	-2.854253e-005, 	-2.809802e-005, 	-2.727030e-005, 	-2.592095e-005, 	-2.401355e-005, 	-2.171476e-005, 	-1.943219e-005, 	-1.772249e-005, 	-1.708107e-005, 	-1.772249e-005, 	-1.943219e-005, 	-2.171476e-005, 	-2.401355e-005, 	-2.592095e-005, 	-2.727030e-005, 	-2.809802e-005, 	-2.854253e-005, 	-2.875278e-005, 
	-2.888717e-005, 	-2.888545e-005, 	-2.888182e-005, 	-2.887506e-005, 	-2.886403e-005, 	-2.884844e-005, 	-2.882966e-005, 	-2.881101e-005, 	-2.879704e-005, 	-2.879180e-005, 	-2.879704e-005, 	-2.881101e-005, 	-2.882966e-005, 	-2.884844e-005, 	-2.886403e-005, 	-2.887506e-005, 	-2.888182e-005, 	-2.888545e-005, 	-2.888717e-005, 
	-2.888827e-005, 	-2.888827e-005, 	-2.888826e-005, 	-2.888824e-005, 	-2.888821e-005, 	-2.888816e-005, 	-2.888811e-005, 	-2.888805e-005, 	-2.888801e-005, 	-2.888800e-005, 	-2.888801e-005, 	-2.888805e-005, 	-2.888811e-005, 	-2.888816e-005, 	-2.888821e-005, 	-2.888824e-005, 	-2.888826e-005, 	-2.888827e-005, 	-2.888827e-005, 
	-2.888828e-005, 	-2.888828e-005, 	-2.888828e-005, 	-2.888828e-005, 	-2.888828e-005, 	-2.888828e-005, 	-2.888828e-005, 	-2.888828e-005, 	-2.888828e-005, 	-2.888828e-005, 	-2.888828e-005, 	-2.888828e-005, 	-2.888828e-005, 	-2.888828e-005, 	-2.888828e-005, 	-2.888828e-005, 	-2.888828e-005, 	-2.888828e-005, 	-2.888828e-005, 
	-2.888828e-005, 	-2.888828e-005, 	-2.888828e-005, 	-2.888828e-005, 	-2.888828e-005, 	-2.888828e-005, 	-2.888828e-005, 	-2.888828e-005, 	-2.888828e-005, 	-2.888828e-005, 	-2.888828e-005, 	-2.888828e-005, 	-2.888828e-005, 	-2.888828e-005, 	-2.888828e-005, 	-2.888828e-005, 	-2.888828e-005, 	-2.888828e-005, 	-2.888828e-005, 
	/* filter 2 */
	1.611173e-006, 	4.111251e-006, 	9.396996e-006, 	1.923938e-005, 	3.528447e-005, 	5.796547e-005, 	8.530037e-005, 	1.124424e-004, 	1.327725e-004, 	1.403996e-004, 	1.327725e-004, 	1.124424e-004, 	8.530037e-005, 	5.796547e-005, 	3.528447e-005, 	1.923938e-005, 	9.396996e-006, 	4.111251e-006, 	1.611173e-006, 
	2.476941e-006, 	6.320444e-006, 	1.444650e-005, 	2.957772e-005, 	5.424469e-005, 	8.911340e-005, 	1.311368e-004, 	1.728637e-004, 	2.041183e-004, 	2.158437e-004, 	2.041183e-004, 	1.728637e-004, 	1.311368e-004, 	8.911340e-005, 	5.424469e-005, 	2.957772e-005, 	1.444650e-005, 	6.320444e-006, 	2.476941e-006, 
	3.957963e-006, 	1.009959e-005, 	2.308441e-005, 	4.726295e-005, 	8.667887e-005, 	1.423964e-004, 	2.095466e-004, 	2.762230e-004, 	3.261654e-004, 	3.449018e-004, 	3.261654e-004, 	2.762230e-004, 	2.095466e-004, 	1.423964e-004, 	8.667887e-005, 	4.726295e-005, 	2.308441e-005, 	1.009959e-005, 	3.957963e-006, 
	6.820586e-006, 	1.740418e-005, 	3.978036e-005, 	8.144618e-005, 	1.493699e-004, 	2.453856e-004, 	3.611025e-004, 	4.760030e-004, 	5.620667e-004, 	5.943544e-004, 	5.620667e-004, 	4.760030e-004, 	3.611025e-004, 	2.453856e-004, 	1.493699e-004, 	8.144618e-005, 	3.978036e-005, 	1.740418e-005, 	6.820586e-006, 
	1.360567e-005, 	3.471777e-005, 	7.935363e-005, 	1.624684e-004, 	2.979623e-004, 	4.894937e-004, 	7.203253e-004, 	9.495282e-004, 	1.121208e-003, 	1.185615e-003, 	1.121208e-003, 	9.495282e-004, 	7.203253e-004, 	4.894937e-004, 	2.979623e-004, 	1.624684e-004, 	7.935363e-005, 	3.471777e-005, 	1.360567e-005, 
	3.534919e-005, 	9.020102e-005, 	2.061705e-004, 	4.221128e-004, 	7.741427e-004, 	1.271765e-003, 	1.871494e-003, 	2.466991e-003, 	2.913035e-003, 	3.080373e-003, 	2.913035e-003, 	2.466991e-003, 	1.871494e-003, 	1.271765e-003, 	7.741427e-004, 	4.221128e-004, 	2.061705e-004, 	9.020102e-005, 	3.534919e-005, 
	8.227887e-005, 	2.099521e-004, 	4.798829e-004, 	9.825108e-004, 	1.801896e-003, 	2.960163e-003, 	4.356093e-003, 	5.742173e-003, 	6.780386e-003, 	7.169883e-003, 	6.780386e-003, 	5.742173e-003, 	4.356093e-003, 	2.960163e-003, 	1.801896e-003, 	9.825108e-004, 	4.798829e-004, 	2.099521e-004, 	8.227887e-005, 
	-7.248961e-005, 	-1.849727e-004, 	-4.227881e-004, 	-8.656150e-004, 	-1.587513e-003, 	-2.607973e-003, 	-3.837820e-003, 	-5.058989e-003, 	-5.973679e-003, 	-6.316835e-003, 	-5.973679e-003, 	-5.058989e-003, 	-3.837820e-003, 	-2.607973e-003, 	-1.587513e-003, 	-8.656150e-004, 	-4.227881e-004, 	-1.849727e-004, 	-7.248961e-005, 
	-5.438083e-004, 	-1.387643e-003, 	-3.171705e-003, 	-6.493739e-003, 	-1.190933e-002, 	-1.956470e-002, 	-2.879086e-002, 	-3.795192e-002, 	-4.481382e-002, 	-4.738813e-002, 	-4.481382e-002, 	-3.795192e-002, 	-2.879086e-002, 	-1.956470e-002, 	-1.190933e-002, 	-6.493739e-003, 	-3.171705e-003, 	-1.387643e-003, 	-5.438083e-004, 
	4.603494e-020, 	2.921296e-019, 	6.572278e-019, 	6.618493e-019, 	2.297859e-018, 	3.943112e-018, 	2.002083e-018, 	6.364776e-018, 	1.815884e-017, 	1.283487e-017, 	1.357431e-017, 	5.292589e-018, 	5.070757e-018, 	4.183430e-018, 	3.407018e-018, 	9.391391e-019, 	5.370689e-019, 	1.765922e-019, 	-5.563798e-020, 
	5.438083e-004, 	1.387643e-003, 	3.171705e-003, 	6.493739e-003, 	1.190933e-002, 	1.956470e-002, 	2.879086e-002, 	3.795192e-002, 	4.481382e-002, 	4.738813e-002, 	4.481382e-002, 	3.795192e-002, 	2.879086e-002, 	1.956470e-002, 	1.190933e-002, 	6.493739e-003, 	3.171705e-003, 	1.387643e-003, 	5.438083e-004, 
	7.248961e-005, 	1.849727e-004, 	4.227881e-004, 	8.656150e-004, 	1.587513e-003, 	2.607973e-003, 	3.837820e-003, 	5.058989e-003, 	5.973679e-003, 	6.316835e-003, 	5.973679e-003, 	5.058989e-003, 	3.837820e-003, 	2.607973e-003, 	1.587513e-003, 	8.656150e-004, 	4.227881e-004, 	1.849727e-004, 	7.248961e-005, 
	-8.227887e-005, 	-2.099521e-004, 	-4.798829e-004, 	-9.825108e-004, 	-1.801896e-003, 	-2.960163e-003, 	-4.356093e-003, 	-5.742173e-003, 	-6.780386e-003, 	-7.169883e-003, 	-6.780386e-003, 	-5.742173e-003, 	-4.356093e-003, 	-2.960163e-003, 	-1.801896e-003, 	-9.825108e-004, 	-4.798829e-004, 	-2.099521e-004, 	-8.227887e-005, 
	-3.534919e-005, 	-9.020102e-005, 	-2.061705e-004, 	-4.221128e-004, 	-7.741427e-004, 	-1.271765e-003, 	-1.871494e-003, 	-2.466991e-003, 	-2.913035e-003, 	-3.080373e-003, 	-2.913035e-003, 	-2.466991e-003, 	-1.871494e-003, 	-1.271765e-003, 	-7.741427e-004, 	-4.221128e-004, 	-2.061705e-004, 	-9.020102e-005, 	-3.534919e-005, 
	-1.360567e-005, 	-3.471777e-005, 	-7.935363e-005, 	-1.624684e-004, 	-2.979623e-004, 	-4.894937e-004, 	-7.203253e-004, 	-9.495282e-004, 	-1.121208e-003, 	-1.185615e-003, 	-1.121208e-003, 	-9.495282e-004, 	-7.203253e-004, 	-4.894937e-004, 	-2.979623e-004, 	-1.624684e-004, 	-7.935363e-005, 	-3.471777e-005, 	-1.360567e-005, 
	-6.820586e-006, 	-1.740418e-005, 	-3.978036e-005, 	-8.144618e-005, 	-1.493699e-004, 	-2.453856e-004, 	-3.611025e-004, 	-4.760030e-004, 	-5.620667e-004, 	-5.943544e-004, 	-5.620667e-004, 	-4.760030e-004, 	-3.611025e-004, 	-2.453856e-004, 	-1.493699e-004, 	-8.144618e-005, 	-3.978036e-005, 	-1.740418e-005, 	-6.820586e-006, 
	-3.957963e-006, 	-1.009959e-005, 	-2.308441e-005, 	-4.726295e-005, 	-8.667887e-005, 	-1.423964e-004, 	-2.095466e-004, 	-2.762230e-004, 	-3.261654e-004, 	-3.449018e-004, 	-3.261654e-004, 	-2.762230e-004, 	-2.095466e-004, 	-1.423964e-004, 	-8.667887e-005, 	-4.726295e-005, 	-2.308441e-005, 	-1.009959e-005, 	-3.957963e-006, 
	-2.476941e-006, 	-6.320444e-006, 	-1.444650e-005, 	-2.957772e-005, 	-5.424469e-005, 	-8.911340e-005, 	-1.311368e-004, 	-1.728637e-004, 	-2.041183e-004, 	-2.158437e-004, 	-2.041183e-004, 	-1.728637e-004, 	-1.311368e-004, 	-8.911340e-005, 	-5.424469e-005, 	-2.957772e-005, 	-1.444650e-005, 	-6.320444e-006, 	-2.476941e-006, 
	-1.611173e-006, 	-4.111251e-006, 	-9.396996e-006, 	-1.923938e-005, 	-3.528447e-005, 	-5.796547e-005, 	-8.530037e-005, 	-1.124424e-004, 	-1.327725e-004, 	-1.403996e-004, 	-1.327725e-004, 	-1.124424e-004, 	-8.530037e-005, 	-5.796547e-005, 	-3.528447e-005, 	-1.923938e-005, 	-9.396996e-006, 	-4.111251e-006, 	-1.611173e-006, 
	/* filter 3 */
	1.002697e-006, 	8.557750e-007, 	5.869962e-007, 	3.755543e-007, 	2.761111e-007, 	2.449015e-007, 	2.382510e-007, 	2.372554e-007, 	2.371506e-007, 	2.371428e-007, 	2.371424e-007, 	2.371424e-007, 	2.371424e-007, 	2.371424e-007, 	2.371424e-007, 	2.371424e-007, 	2.371424e-007, 	2.371424e-007, 	2.371424e-007, 
	7.484318e-006, 	9.872842e-006, 	8.779916e-006, 	5.436172e-006, 	2.449157e-006, 	8.989215e-007, 	3.777083e-007, 	2.584057e-007, 	2.394362e-007, 	2.373194e-007, 	2.371522e-007, 	2.371428e-007, 	2.371424e-007, 	2.371424e-007, 	2.371424e-007, 	2.371424e-007, 	2.371424e-007, 	2.371424e-007, 	2.371424e-007, 
	1.926962e-005, 	5.457328e-005, 	8.403262e-005, 	8.256189e-005, 	5.478378e-005, 	2.515720e-005, 	8.223681e-006, 	2.046180e-006, 	5.278964e-007, 	2.704528e-007, 	2.398645e-007, 	2.373014e-007, 	2.371490e-007, 	2.371426e-007, 	2.371424e-007, 	2.371424e-007, 	2.371424e-007, 	2.371424e-007, 	2.371424e-007, 
	-3.787791e-005, 	3.831762e-005, 	2.514365e-004, 	4.861049e-004, 	5.444512e-004, 	3.962824e-004, 	1.961238e-004, 	6.757435e-005, 	1.648694e-005, 	3.012418e-006, 	5.737220e-007, 	2.662229e-007, 	2.389364e-007, 	2.372215e-007, 	2.371449e-007, 	2.371424e-007, 	2.371424e-007, 	2.371424e-007, 	2.371424e-007, 
	-1.469276e-004, 	-3.365601e-004, 	-2.477423e-004, 	5.615355e-004, 	1.798424e-003, 	2.431436e-003, 	1.992462e-003, 	1.080158e-003, 	4.007340e-004, 	1.037694e-004, 	1.906698e-005, 	2.662080e-006, 	4.591985e-007, 	2.516389e-007, 	2.378180e-007, 	2.371649e-007, 	2.371429e-007, 	2.371424e-007, 	2.371424e-007, 
	-7.857615e-007, 	-4.170144e-004, 	-1.460300e-003, 	-2.205723e-003, 	-5.553530e-004, 	3.672967e-003, 	7.078168e-003, 	6.833957e-003, 	4.130435e-003, 	1.670748e-003, 	4.653415e-004, 	9.035556e-005, 	1.249163e-005, 	1.425101e-006, 	3.186881e-007, 	2.411512e-007, 	2.372831e-007, 	2.371459e-007, 	2.371425e-007, 
	1.986842e-004, 	3.455796e-004, 	-3.815300e-004, 	-3.496552e-003, 	-7.961798e-003, 	-7.697429e-003, 	1.310265e-003, 	1.232067e-002, 	1.549943e-002, 	1.075817e-002, 	4.791884e-003, 	1.443019e-003, 	3.008788e-004, 	4.416402e-005, 	4.768510e-006, 	5.688433e-007, 	2.544410e-007, 	2.377854e-007, 	2.371595e-007, 
	1.311761e-004, 	5.753827e-004, 	1.501076e-003, 	1.451851e-003, 	-3.823356e-003, 	-1.579905e-002, 	-2.377005e-002, 	-1.371199e-002, 	8.574110e-003, 	2.197156e-002, 	1.893177e-002, 	9.579626e-003, 	3.169689e-003, 	7.149613e-004, 	1.121523e-004, 	1.254897e-005, 	1.195881e-006, 	2.901224e-007, 	2.392276e-007, 
	3.011682e-005, 	2.185704e-004, 	1.080594e-003, 	3.446494e-003, 	6.188797e-003, 	2.232464e-003, 	-1.616735e-002, 	-3.878996e-002, 	-3.888434e-002, 	-1.127293e-002, 	1.584094e-002, 	2.140173e-002, 	1.295983e-002, 	4.809217e-003, 	1.182748e-003, 	1.995661e-004, 	2.367924e-005, 	2.176011e-006, 	3.506916e-007, 
	3.026998e-006, 	3.181564e-005, 	2.502349e-004, 	1.363394e-003, 	4.989989e-003, 	1.152408e-002, 	1.374398e-002, 	-2.218698e-003, 	-3.445424e-002, 	-5.232489e-002, 	-3.445424e-002, 	-2.218698e-003, 	1.374398e-002, 	1.152408e-002, 	4.989989e-003, 	1.363394e-003, 	2.502349e-004, 	3.181564e-005, 	3.026998e-006, 
	3.506916e-007, 	2.176011e-006, 	2.367924e-005, 	1.995661e-004, 	1.182748e-003, 	4.809217e-003, 	1.295983e-002, 	2.140173e-002, 	1.584094e-002, 	-1.127293e-002, 	-3.888434e-002, 	-3.878996e-002, 	-1.616735e-002, 	2.232464e-003, 	6.188797e-003, 	3.446494e-003, 	1.080594e-003, 	2.185704e-004, 	3.011682e-005, 
	2.392276e-007, 	2.901224e-007, 	1.195881e-006, 	1.254897e-005, 	1.121523e-004, 	7.149613e-004, 	3.169689e-003, 	9.579626e-003, 	1.893177e-002, 	2.197156e-002, 	8.574110e-003, 	-1.371199e-002, 	-2.377005e-002, 	-1.579905e-002, 	-3.823356e-003, 	1.451851e-003, 	1.501076e-003, 	5.753827e-004, 	1.311761e-004, 
	2.371595e-007, 	2.377854e-007, 	2.544410e-007, 	5.688433e-007, 	4.768510e-006, 	4.416402e-005, 	3.008788e-004, 	1.443019e-003, 	4.791884e-003, 	1.075817e-002, 	1.549943e-002, 	1.232067e-002, 	1.310265e-003, 	-7.697429e-003, 	-7.961798e-003, 	-3.496552e-003, 	-3.815300e-004, 	3.455796e-004, 	1.986842e-004, 
	2.371425e-007, 	2.371459e-007, 	2.372831e-007, 	2.411512e-007, 	3.186881e-007, 	1.425101e-006, 	1.249163e-005, 	9.035556e-005, 	4.653415e-004, 	1.670748e-003, 	4.130435e-003, 	6.833957e-003, 	7.078168e-003, 	3.672967e-003, 	-5.553530e-004, 	-2.205723e-003, 	-1.460300e-003, 	-4.170144e-004, 	-7.857615e-007, 
	2.371424e-007, 	2.371424e-007, 	2.371429e-007, 	2.371649e-007, 	2.378180e-007, 	2.516389e-007, 	4.591985e-007, 	2.662080e-006, 	1.906698e-005, 	1.037694e-004, 	4.007340e-004, 	1.080158e-003, 	1.992462e-003, 	2.431436e-003, 	1.798424e-003, 	5.615355e-004, 	-2.477423e-004, 	-3.365601e-004, 	-1.469276e-004, 
	2.371424e-007, 	2.371424e-007, 	2.371424e-007, 	2.371424e-007, 	2.371449e-007, 	2.372215e-007, 	2.389364e-007, 	2.662229e-007, 	5.737220e-007, 	3.012418e-006, 	1.648694e-005, 	6.757435e-005, 	1.961238e-004, 	3.962824e-004, 	5.444512e-004, 	4.861049e-004, 	2.514365e-004, 	3.831762e-005, 	-3.787791e-005, 
	2.371424e-007, 	2.371424e-007, 	2.371424e-007, 	2.371424e-007, 	2.371424e-007, 	2.371426e-007, 	2.371490e-007, 	2.373014e-007, 	2.398645e-007, 	2.704528e-007, 	5.278964e-007, 	2.046180e-006, 	8.223681e-006, 	2.515720e-005, 	5.478378e-005, 	8.256189e-005, 	8.403262e-005, 	5.457328e-005, 	1.926962e-005, 
	2.371424e-007, 	2.371424e-007, 	2.371424e-007, 	2.371424e-007, 	2.371424e-007, 	2.371424e-007, 	2.371424e-007, 	2.371428e-007, 	2.371522e-007, 	2.373194e-007, 	2.394362e-007, 	2.584057e-007, 	3.777083e-007, 	8.989215e-007, 	2.449157e-006, 	5.436172e-006, 	8.779916e-006, 	9.872842e-006, 	7.484318e-006, 
	2.371424e-007, 	2.371424e-007, 	2.371424e-007, 	2.371424e-007, 	2.371424e-007, 	2.371424e-007, 	2.371424e-007, 	2.371424e-007, 	2.371424e-007, 	2.371428e-007, 	2.371506e-007, 	2.372554e-007, 	2.382510e-007, 	2.449015e-007, 	2.761111e-007, 	3.755543e-007, 	5.869962e-007, 	8.557750e-007, 	1.002697e-006, 
	/* filter 4 */
	1.307479e-006, 	2.545219e-006, 	4.298547e-006, 	7.012089e-006, 	1.138780e-005, 	1.800825e-005, 	2.743689e-005, 	3.958832e-005, 	5.367785e-005, 	6.810288e-005, 	8.044104e-005, 	8.804538e-005, 	8.911870e-005, 	8.301086e-005, 	7.078978e-005, 	5.486627e-005, 	3.824658e-005, 	2.353729e-005, 	1.234235e-005, 
	1.842249e-006, 	8.930602e-006, 	1.828444e-005, 	2.784907e-005, 	3.825848e-005, 	5.144474e-005, 	6.873559e-005, 	8.932894e-005, 	1.108524e-004, 	1.300888e-004, 	1.432802e-004, 	1.472969e-004, 	1.409003e-004, 	1.249252e-004, 	1.022449e-004, 	7.689338e-005, 	5.285652e-005, 	3.294055e-005, 	1.841096e-005, 
	-2.050104e-005, 	-9.652674e-006, 	3.439964e-005, 	9.579241e-005, 	1.459479e-004, 	1.760328e-004, 	1.978060e-004, 	2.200734e-004, 	2.415364e-004, 	2.565133e-004, 	2.593648e-004, 	2.472451e-004, 	2.209587e-004, 	1.842753e-004, 	1.428021e-004, 	1.024265e-004, 	6.775147e-005, 	4.111806e-005, 	2.279382e-005, 
	-6.633939e-005, 	-1.640559e-004, 	-1.877377e-004, 	-8.042658e-006, 	3.154778e-004, 	5.745914e-004, 	6.646660e-004, 	6.440596e-004, 	5.948282e-004, 	5.457773e-004, 	4.916260e-004, 	4.261176e-004, 	3.506602e-004, 	2.717436e-004, 	1.971076e-004, 	1.332128e-004, 	8.359068e-005, 	4.848800e-005, 	2.592508e-005, 
	3.883962e-005, 	-1.813799e-004, 	-7.496875e-004, 	-1.253361e-003, 	-9.088158e-004, 	3.315481e-004, 	1.524965e-003, 	1.947463e-003, 	1.743927e-003, 	1.366656e-003, 	1.040130e-003, 	7.859016e-004, 	5.798811e-004, 	4.101383e-004, 	2.746454e-004, 	1.728220e-004, 	1.016928e-004, 	5.567808e-005, 	2.829498e-005, 
	2.085403e-004, 	4.392123e-004, 	8.375578e-005, 	-1.840659e-003, 	-4.638229e-003, 	-5.269855e-003, 	-2.191850e-003, 	1.975291e-003, 	4.030265e-003, 	3.748389e-003, 	2.636368e-003, 	1.681294e-003, 	1.055008e-003, 	6.559965e-004, 	3.959215e-004, 	2.281658e-004, 	1.242356e-004, 	6.345415e-005, 	3.026882e-005, 
	7.778139e-005, 	5.934926e-004, 	1.821241e-003, 	2.432090e-003, 	-1.155848e-003, 	-9.691420e-003, 	-1.581140e-002, 	-1.204944e-002, 	-2.077510e-003, 	4.877021e-003, 	5.908269e-003, 	4.098592e-003, 	2.290032e-003, 	1.198400e-003, 	6.210871e-004, 	3.172606e-004, 	1.565957e-004, 	7.349734e-005, 	3.253435e-005, 
	-8.874406e-005, 	-3.808533e-005, 	9.148582e-004, 	4.209182e-003, 	8.732524e-003, 	6.718451e-003, 	-8.655099e-003, 	-2.728080e-002, 	-2.974330e-002, 	-1.487724e-002, 	4.479323e-004, 	5.990196e-003, 	4.859651e-003, 	2.577357e-003, 	1.156864e-003, 	4.976255e-004, 	2.126964e-004, 	8.907962e-005, 	3.586948e-005, 
	-8.996777e-005, 	-2.843449e-004, 	-5.349090e-004, 	3.209243e-004, 	5.510127e-003, 	1.640746e-002, 	2.283460e-002, 	7.869477e-003, 	-2.390425e-002, 	-4.183755e-002, 	-3.091546e-002, 	-9.596650e-003, 	2.302265e-003, 	3.938982e-003, 	2.259676e-003, 	9.296406e-004, 	3.382515e-004, 	1.199104e-004, 	4.218615e-005, 
	-5.738425e-005, 	-1.934220e-004, 	-5.971274e-004, 	-1.418607e-003, 	-1.659515e-003, 	2.994843e-003, 	1.766986e-002, 	3.525779e-002, 	3.227300e-002, 	2.959524e-019, 	-3.227300e-002, 	-3.525779e-002, 	-1.766986e-002, 	-2.994843e-003, 	1.659515e-003, 	1.418607e-003, 	5.971274e-004, 	1.934220e-004, 	5.738425e-005, 
	-4.218615e-005, 	-1.199104e-004, 	-3.382515e-004, 	-9.296406e-004, 	-2.259676e-003, 	-3.938982e-003, 	-2.302265e-003, 	9.596650e-003, 	3.091546e-002, 	4.183755e-002, 	2.390425e-002, 	-7.869477e-003, 	-2.283460e-002, 	-1.640746e-002, 	-5.510127e-003, 	-3.209243e-004, 	5.349090e-004, 	2.843449e-004, 	8.996777e-005, 
	-3.586948e-005, 	-8.907962e-005, 	-2.126964e-004, 	-4.976255e-004, 	-1.156864e-003, 	-2.577357e-003, 	-4.859651e-003, 	-5.990196e-003, 	-4.479323e-004, 	1.487724e-002, 	2.974330e-002, 	2.728080e-002, 	8.655099e-003, 	-6.718451e-003, 	-8.732524e-003, 	-4.209182e-003, 	-9.148582e-004, 	3.808533e-005, 	8.874406e-005, 
	-3.253435e-005, 	-7.349734e-005, 	-1.565957e-004, 	-3.172606e-004, 	-6.210871e-004, 	-1.198400e-003, 	-2.290032e-003, 	-4.098592e-003, 	-5.908269e-003, 	-4.877021e-003, 	2.077510e-003, 	1.204944e-002, 	1.581140e-002, 	9.691420e-003, 	1.155848e-003, 	-2.432090e-003, 	-1.821241e-003, 	-5.934926e-004, 	-7.778139e-005, 
	-3.026882e-005, 	-6.345415e-005, 	-1.242356e-004, 	-2.281658e-004, 	-3.959215e-004, 	-6.559965e-004, 	-1.055008e-003, 	-1.681294e-003, 	-2.636368e-003, 	-3.748389e-003, 	-4.030265e-003, 	-1.975291e-003, 	2.191850e-003, 	5.269855e-003, 	4.638229e-003, 	1.840659e-003, 	-8.375578e-005, 	-4.392123e-004, 	-2.085403e-004, 
	-2.829498e-005, 	-5.567808e-005, 	-1.016928e-004, 	-1.728220e-004, 	-2.746454e-004, 	-4.101383e-004, 	-5.798811e-004, 	-7.859016e-004, 	-1.040130e-003, 	-1.366656e-003, 	-1.743927e-003, 	-1.947463e-003, 	-1.524965e-003, 	-3.315481e-004, 	9.088158e-004, 	1.253361e-003, 	7.496875e-004, 	1.813799e-004, 	-3.883962e-005, 
	-2.592508e-005, 	-4.848800e-005, 	-8.359068e-005, 	-1.332128e-004, 	-1.971076e-004, 	-2.717436e-004, 	-3.506602e-004, 	-4.261176e-004, 	-4.916260e-004, 	-5.457773e-004, 	-5.948282e-004, 	-6.440596e-004, 	-6.646660e-004, 	-5.745914e-004, 	-3.154778e-004, 	8.042658e-006, 	1.877377e-004, 	1.640559e-004, 	6.633939e-005, 
	-2.279382e-005, 	-4.111806e-005, 	-6.775147e-005, 	-1.024265e-004, 	-1.428021e-004, 	-1.842753e-004, 	-2.209587e-004, 	-2.472451e-004, 	-2.593648e-004, 	-2.565133e-004, 	-2.415364e-004, 	-2.200734e-004, 	-1.978060e-004, 	-1.760328e-004, 	-1.459479e-004, 	-9.579241e-005, 	-3.439964e-005, 	9.652674e-006, 	2.050104e-005, 
	-1.841096e-005, 	-3.294055e-005, 	-5.285652e-005, 	-7.689338e-005, 	-1.022449e-004, 	-1.249252e-004, 	-1.409003e-004, 	-1.472969e-004, 	-1.432802e-004, 	-1.300888e-004, 	-1.108524e-004, 	-8.932894e-005, 	-6.873559e-005, 	-5.144474e-005, 	-3.825848e-005, 	-2.784907e-005, 	-1.828444e-005, 	-8.930602e-006, 	-1.842249e-006, 
	-1.234235e-005, 	-2.353729e-005, 	-3.824658e-005, 	-5.486627e-005, 	-7.078978e-005, 	-8.301086e-005, 	-8.911870e-005, 	-8.804538e-005, 	-8.044104e-005, 	-6.810288e-005, 	-5.367785e-005, 	-3.958832e-005, 	-2.743689e-005, 	-1.800825e-005, 	-1.138780e-005, 	-7.012089e-006, 	-4.298547e-006, 	-2.545219e-006, 	-1.307479e-006, 
	/* filter 5 */
	1.002697e-006, 	7.484318e-006, 	1.926962e-005, 	-3.787791e-005, 	-1.469276e-004, 	-7.857615e-007, 	1.986842e-004, 	1.311761e-004, 	3.011682e-005, 	3.026998e-006, 	3.506916e-007, 	2.392276e-007, 	2.371595e-007, 	2.371425e-007, 	2.371424e-007, 	2.371424e-007, 	2.371424e-007, 	2.371424e-007, 	2.371424e-007, 
	8.557750e-007, 	9.872842e-006, 	5.457328e-005, 	3.831762e-005, 	-3.365601e-004, 	-4.170144e-004, 	3.455796e-004, 	5.753827e-004, 	2.185704e-004, 	3.181564e-005, 	2.176011e-006, 	2.901224e-007, 	2.377854e-007, 	2.371459e-007, 	2.371424e-007, 	2.371424e-007, 	2.371424e-007, 	2.371424e-007, 	2.371424e-007, 
	5.869962e-007, 	8.779916e-006, 	8.403262e-005, 	2.514365e-004, 	-2.477423e-004, 	-1.460300e-003, 	-3.815300e-004, 	1.501076e-003, 	1.080594e-003, 	2.502349e-004, 	2.367924e-005, 	1.195881e-006, 	2.544410e-007, 	2.372831e-007, 	2.371429e-007, 	2.371424e-007, 	2.371424e-007, 	2.371424e-007, 	2.371424e-007, 
	3.755543e-007, 	5.436172e-006, 	8.256189e-005, 	4.861049e-004, 	5.615355e-004, 	-2.205723e-003, 	-3.496552e-003, 	1.451851e-003, 	3.446494e-003, 	1.363394e-003, 	1.995661e-004, 	1.254897e-005, 	5.688433e-007, 	2.411512e-007, 	2.371649e-007, 	2.371424e-007, 	2.371424e-007, 	2.371424e-007, 	2.371424e-007, 
	2.761111e-007, 	2.449157e-006, 	5.478378e-005, 	5.444512e-004, 	1.798424e-003, 	-5.553530e-004, 	-7.961798e-003, 	-3.823356e-003, 	6.188797e-003, 	4.989989e-003, 	1.182748e-003, 	1.121523e-004, 	4.768510e-006, 	3.186881e-007, 	2.378180e-007, 	2.371449e-007, 	2.371424e-007, 	2.371424e-007, 	2.371424e-007, 
	2.449015e-007, 	8.989215e-007, 	2.515720e-005, 	3.962824e-004, 	2.431436e-003, 	3.672967e-003, 	-7.697429e-003, 	-1.579905e-002, 	2.232464e-003, 	1.152408e-002, 	4.809217e-003, 	7.149613e-004, 	4.416402e-005, 	1.425101e-006, 	2.516389e-007, 	2.372215e-007, 	2.371426e-007, 	2.371424e-007, 	2.371424e-007, 
	2.382510e-007, 	3.777083e-007, 	8.223681e-006, 	1.961238e-004, 	1.992462e-003, 	7.078168e-003, 	1.310265e-003, 	-2.377005e-002, 	-1.616735e-002, 	1.374398e-002, 	1.295983e-002, 	3.169689e-003, 	3.008788e-004, 	1.249163e-005, 	4.591985e-007, 	2.389364e-007, 	2.371490e-007, 	2.371424e-007, 	2.371424e-007, 
	2.372554e-007, 	2.584057e-007, 	2.046180e-006, 	6.757435e-005, 	1.080158e-003, 	6.833957e-003, 	1.232067e-002, 	-1.371199e-002, 	-3.878996e-002, 	-2.218698e-003, 	2.140173e-002, 	9.579626e-003, 	1.443019e-003, 	9.035556e-005, 	2.662080e-006, 	2.662229e-007, 	2.373014e-007, 	2.371428e-007, 	2.371424e-007, 
	2.371506e-007, 	2.394362e-007, 	5.278964e-007, 	1.648694e-005, 	4.007340e-004, 	4.130435e-003, 	1.549943e-002, 	8.574110e-003, 	-3.888434e-002, 	-3.445424e-002, 	1.584094e-002, 	1.893177e-002, 	4.791884e-003, 	4.653415e-004, 	1.906698e-005, 	5.737220e-007, 	2.398645e-007, 	2.371522e-007, 	2.371424e-007, 
	2.371428e-007, 	2.373194e-007, 	2.704528e-007, 	3.012418e-006, 	1.037694e-004, 	1.670748e-003, 	1.075817e-002, 	2.197156e-002, 	-1.127293e-002, 	-5.232489e-002, 	-1.127293e-002, 	2.197156e-002, 	1.075817e-002, 	1.670748e-003, 	1.037694e-004, 	3.012418e-006, 	2.704528e-007, 	2.373194e-007, 	2.371428e-007, 
	2.371424e-007, 	2.371522e-007, 	2.398645e-007, 	5.737220e-007, 	1.906698e-005, 	4.653415e-004, 	4.791884e-003, 	1.893177e-002, 	1.584094e-002, 	-3.445424e-002, 	-3.888434e-002, 	8.574110e-003, 	1.549943e-002, 	4.130435e-003, 	4.007340e-004, 	1.648694e-005, 	5.278964e-007, 	2.394362e-007, 	2.371506e-007, 
	2.371424e-007, 	2.371428e-007, 	2.373014e-007, 	2.662229e-007, 	2.662080e-006, 	9.035556e-005, 	1.443019e-003, 	9.579626e-003, 	2.140173e-002, 	-2.218698e-003, 	-3.878996e-002, 	-1.371199e-002, 	1.232067e-002, 	6.833957e-003, 	1.080158e-003, 	6.757435e-005, 	2.046180e-006, 	2.584057e-007, 	2.372554e-007, 
	2.371424e-007, 	2.371424e-007, 	2.371490e-007, 	2.389364e-007, 	4.591985e-007, 	1.249163e-005, 	3.008788e-004, 	3.169689e-003, 	1.295983e-002, 	1.374398e-002, 	-1.616735e-002, 	-2.377005e-002, 	1.310265e-003, 	7.078168e-003, 	1.992462e-003, 	1.961238e-004, 	8.223681e-006, 	3.777083e-007, 	2.382510e-007, 
	2.371424e-007, 	2.371424e-007, 	2.371426e-007, 	2.372215e-007, 	2.516389e-007, 	1.425101e-006, 	4.416402e-005, 	7.149613e-004, 	4.809217e-003, 	1.152408e-002, 	2.232464e-003, 	-1.579905e-002, 	-7.697429e-003, 	3.672967e-003, 	2.431436e-003, 	3.962824e-004, 	2.515720e-005, 	8.989215e-007, 	2.449015e-007, 
	2.371424e-007, 	2.371424e-007, 	2.371424e-007, 	2.371449e-007, 	2.378180e-007, 	3.186881e-007, 	4.768510e-006, 	1.121523e-004, 	1.182748e-003, 	4.989989e-003, 	6.188797e-003, 	-3.823356e-003, 	-7.961798e-003, 	-5.553530e-004, 	1.798424e-003, 	5.444512e-004, 	5.478378e-005, 	2.449157e-006, 	2.761111e-007, 
	2.371424e-007, 	2.371424e-007, 	2.371424e-007, 	2.371424e-007, 	2.371649e-007, 	2.411512e-007, 	5.688433e-007, 	1.254897e-005, 	1.995661e-004, 	1.363394e-003, 	3.446494e-003, 	1.451851e-003, 	-3.496552e-003, 	-2.205723e-003, 	5.615355e-004, 	4.861049e-004, 	8.256189e-005, 	5.436172e-006, 	3.755543e-007, 
	2.371424e-007, 	2.371424e-007, 	2.371424e-007, 	2.371424e-007, 	2.371429e-007, 	2.372831e-007, 	2.544410e-007, 	1.195881e-006, 	2.367924e-005, 	2.502349e-004, 	1.080594e-003, 	1.501076e-003, 	-3.815300e-004, 	-1.460300e-003, 	-2.477423e-004, 	2.514365e-004, 	8.403262e-005, 	8.779916e-006, 	5.869962e-007, 
	2.371424e-007, 	2.371424e-007, 	2.371424e-007, 	2.371424e-007, 	2.371424e-007, 	2.371459e-007, 	2.377854e-007, 	2.901224e-007, 	2.176011e-006, 	3.181564e-005, 	2.185704e-004, 	5.753827e-004, 	3.455796e-004, 	-4.170144e-004, 	-3.365601e-004, 	3.831762e-005, 	5.457328e-005, 	9.872842e-006, 	8.557750e-007, 
	2.371424e-007, 	2.371424e-007, 	2.371424e-007, 	2.371424e-007, 	2.371424e-007, 	2.371425e-007, 	2.371595e-007, 	2.392276e-007, 	3.506916e-007, 	3.026998e-006, 	3.011682e-005, 	1.311761e-004, 	1.986842e-004, 	-7.857615e-007, 	-1.469276e-004, 	-3.787791e-005, 	1.926962e-005, 	7.484318e-006, 	1.002697e-006, 
	/* filter 6 */
	-1.307479e-006, 	-1.842249e-006, 	2.050104e-005, 	6.633939e-005, 	-3.883962e-005, 	-2.085403e-004, 	-7.778139e-005, 	8.874406e-005, 	8.996777e-005, 	5.738425e-005, 	4.218615e-005, 	3.586948e-005, 	3.253435e-005, 	3.026882e-005, 	2.829498e-005, 	2.592508e-005, 	2.279382e-005, 	1.841096e-005, 	1.234235e-005, 
	-2.545219e-006, 	-8.930602e-006, 	9.652674e-006, 	1.640559e-004, 	1.813799e-004, 	-4.392123e-004, 	-5.934926e-004, 	3.808533e-005, 	2.843449e-004, 	1.934220e-004, 	1.199104e-004, 	8.907962e-005, 	7.349734e-005, 	6.345415e-005, 	5.567808e-005, 	4.848800e-005, 	4.111806e-005, 	3.294055e-005, 	2.353729e-005, 
	-4.298547e-006, 	-1.828444e-005, 	-3.439964e-005, 	1.877377e-004, 	7.496875e-004, 	-8.375578e-005, 	-1.821241e-003, 	-9.148582e-004, 	5.349090e-004, 	5.971274e-004, 	3.382515e-004, 	2.126964e-004, 	1.565957e-004, 	1.242356e-004, 	1.016928e-004, 	8.359068e-005, 	6.775147e-005, 	5.285652e-005, 	3.824658e-005, 
	-7.012089e-006, 	-2.784907e-005, 	-9.579241e-005, 	8.042658e-006, 	1.253361e-003, 	1.840659e-003, 	-2.432090e-003, 	-4.209182e-003, 	-3.209243e-004, 	1.418607e-003, 	9.296406e-004, 	4.976255e-004, 	3.172606e-004, 	2.281658e-004, 	1.728220e-004, 	1.332128e-004, 	1.024265e-004, 	7.689338e-005, 	5.486627e-005, 
	-1.138780e-005, 	-3.825848e-005, 	-1.459479e-004, 	-3.154778e-004, 	9.088158e-004, 	4.638229e-003, 	1.155848e-003, 	-8.732524e-003, 	-5.510127e-003, 	1.659515e-003, 	2.259676e-003, 	1.156864e-003, 	6.210871e-004, 	3.959215e-004, 	2.746454e-004, 	1.971076e-004, 	1.428021e-004, 	1.022449e-004, 	7.078978e-005, 
	-1.800825e-005, 	-5.144474e-005, 	-1.760328e-004, 	-5.745914e-004, 	-3.315481e-004, 	5.269855e-003, 	9.691420e-003, 	-6.718451e-003, 	-1.640746e-002, 	-2.994843e-003, 	3.938982e-003, 	2.577357e-003, 	1.198400e-003, 	6.559965e-004, 	4.101383e-004, 	2.717436e-004, 	1.842753e-004, 	1.249252e-004, 	8.301086e-005, 
	-2.743689e-005, 	-6.873559e-005, 	-1.978060e-004, 	-6.646660e-004, 	-1.524965e-003, 	2.191850e-003, 	1.581140e-002, 	8.655099e-003, 	-2.283460e-002, 	-1.766986e-002, 	2.302265e-003, 	4.859651e-003, 	2.290032e-003, 	1.055008e-003, 	5.798811e-004, 	3.506602e-004, 	2.209587e-004, 	1.409003e-004, 	8.911870e-005, 
	-3.958832e-005, 	-8.932894e-005, 	-2.200734e-004, 	-6.440596e-004, 	-1.947463e-003, 	-1.975291e-003, 	1.204944e-002, 	2.728080e-002, 	-7.869477e-003, 	-3.525779e-002, 	-9.596650e-003, 	5.990196e-003, 	4.098592e-003, 	1.681294e-003, 	7.859016e-004, 	4.261176e-004, 	2.472451e-004, 	1.472969e-004, 	8.804538e-005, 
	-5.367785e-005, 	-1.108524e-004, 	-2.415364e-004, 	-5.948282e-004, 	-1.743927e-003, 	-4.030265e-003, 	2.077510e-003, 	2.974330e-002, 	2.390425e-002, 	-3.227300e-002, 	-3.091546e-002, 	4.479323e-004, 	5.908269e-003, 	2.636368e-003, 	1.040130e-003, 	4.916260e-004, 	2.593648e-004, 	1.432802e-004, 	8.044104e-005, 
	-6.810288e-005, 	-1.300888e-004, 	-2.565133e-004, 	-5.457773e-004, 	-1.366656e-003, 	-3.748389e-003, 	-4.877021e-003, 	1.487724e-002, 	4.183755e-002, 	5.717344e-019, 	-4.183755e-002, 	-1.487724e-002, 	4.877021e-003, 	3.748389e-003, 	1.366656e-003, 	5.457773e-004, 	2.565133e-004, 	1.300888e-004, 	6.810288e-005, 
	-8.044104e-005, 	-1.432802e-004, 	-2.593648e-004, 	-4.916260e-004, 	-1.040130e-003, 	-2.636368e-003, 	-5.908269e-003, 	-4.479323e-004, 	3.091546e-002, 	3.227300e-002, 	-2.390425e-002, 	-2.974330e-002, 	-2.077510e-003, 	4.030265e-003, 	1.743927e-003, 	5.948282e-004, 	2.415364e-004, 	1.108524e-004, 	5.367785e-005, 
	-8.804538e-005, 	-1.472969e-004, 	-2.472451e-004, 	-4.261176e-004, 	-7.859016e-004, 	-1.681294e-003, 	-4.098592e-003, 	-5.990196e-003, 	9.596650e-003, 	3.525779e-002, 	7.869477e-003, 	-2.728080e-002, 	-1.204944e-002, 	1.975291e-003, 	1.947463e-003, 	6.440596e-004, 	2.200734e-004, 	8.932894e-005, 	3.958832e-005, 
	-8.911870e-005, 	-1.409003e-004, 	-2.209587e-004, 	-3.506602e-004, 	-5.798811e-004, 	-1.055008e-003, 	-2.290032e-003, 	-4.859651e-003, 	-2.302265e-003, 	1.766986e-002, 	2.283460e-002, 	-8.655099e-003, 	-1.581140e-002, 	-2.191850e-003, 	1.524965e-003, 	6.646660e-004, 	1.978060e-004, 	6.873559e-005, 	2.743689e-005, 
	-8.301086e-005, 	-1.249252e-004, 	-1.842753e-004, 	-2.717436e-004, 	-4.101383e-004, 	-6.559965e-004, 	-1.198400e-003, 	-2.577357e-003, 	-3.938982e-003, 	2.994843e-003, 	1.640746e-002, 	6.718451e-003, 	-9.691420e-003, 	-5.269855e-003, 	3.315481e-004, 	5.745914e-004, 	1.760328e-004, 	5.144474e-005, 	1.800825e-005, 
	-7.078978e-005, 	-1.022449e-004, 	-1.428021e-004, 	-1.971076e-004, 	-2.746454e-004, 	-3.959215e-004, 	-6.210871e-004, 	-1.156864e-003, 	-2.259676e-003, 	-1.659515e-003, 	5.510127e-003, 	8.732524e-003, 	-1.155848e-003, 	-4.638229e-003, 	-9.088158e-004, 	3.154778e-004, 	1.459479e-004, 	3.825848e-005, 	1.138780e-005, 
	-5.486627e-005, 	-7.689338e-005, 	-1.024265e-004, 	-1.332128e-004, 	-1.728220e-004, 	-2.281658e-004, 	-3.172606e-004, 	-4.976255e-004, 	-9.296406e-004, 	-1.418607e-003, 	3.209243e-004, 	4.209182e-003, 	2.432090e-003, 	-1.840659e-003, 	-1.253361e-003, 	-8.042658e-006, 	9.579241e-005, 	2.784907e-005, 	7.012089e-006, 
	-3.824658e-005, 	-5.285652e-005, 	-6.775147e-005, 	-8.359068e-005, 	-1.016928e-004, 	-1.242356e-004, 	-1.565957e-004, 	-2.126964e-004, 	-3.382515e-004, 	-5.971274e-004, 	-5.349090e-004, 	9.148582e-004, 	1.821241e-003, 	8.375578e-005, 	-7.496875e-004, 	-1.877377e-004, 	3.439964e-005, 	1.828444e-005, 	4.298547e-006, 
	-2.353729e-005, 	-3.294055e-005, 	-4.111806e-005, 	-4.848800e-005, 	-5.567808e-005, 	-6.345415e-005, 	-7.349734e-005, 	-8.907962e-005, 	-1.199104e-004, 	-1.934220e-004, 	-2.843449e-004, 	-3.808533e-005, 	5.934926e-004, 	4.392123e-004, 	-1.813799e-004, 	-1.640559e-004, 	-9.652674e-006, 	8.930602e-006, 	2.545219e-006, 
	-1.234235e-005, 	-1.841096e-005, 	-2.279382e-005, 	-2.592508e-005, 	-2.829498e-005, 	-3.026882e-005, 	-3.253435e-005, 	-3.586948e-005, 	-4.218615e-005, 	-5.738425e-005, 	-8.996777e-005, 	-8.874406e-005, 	7.778139e-005, 	2.085403e-004, 	3.883962e-005, 	-6.633939e-005, 	-2.050104e-005, 	1.842249e-006, 	1.307479e-006, 
	/* filter 7 */
	-2.888828e-005, 	-2.888828e-005, 	-2.888827e-005, 	-2.888717e-005, 	-2.875278e-005, 	-2.314942e-005, 	5.061099e-005, 	2.694695e-004, 	-5.658584e-005, 	-7.250565e-004, 	-5.658584e-005, 	2.694695e-004, 	5.061099e-005, 	-2.314942e-005, 	-2.875278e-005, 	-2.888717e-005, 	-2.888827e-005, 	-2.888828e-005, 	-2.888828e-005, 
	-2.888828e-005, 	-2.888828e-005, 	-2.888827e-005, 	-2.888545e-005, 	-2.854253e-005, 	-1.424435e-005, 	1.739711e-004, 	7.324352e-004, 	-9.956453e-005, 	-1.805310e-003, 	-9.956453e-005, 	7.324352e-004, 	1.739711e-004, 	-1.424435e-005, 	-2.854253e-005, 	-2.888545e-005, 	-2.888827e-005, 	-2.888828e-005, 	-2.888828e-005, 
	-2.888828e-005, 	-2.888828e-005, 	-2.888826e-005, 	-2.888182e-005, 	-2.809802e-005, 	4.583028e-006, 	4.347829e-004, 	1.711252e-003, 	-1.904314e-004, 	-4.089217e-003, 	-1.904314e-004, 	1.711252e-003, 	4.347829e-004, 	4.583028e-006, 	-2.809802e-005, 	-2.888182e-005, 	-2.888826e-005, 	-2.888828e-005, 	-2.888828e-005, 
	-2.888828e-005, 	-2.888828e-005, 	-2.888824e-005, 	-2.887506e-005, 	-2.727030e-005, 	3.964077e-005, 	9.204307e-004, 	3.533870e-003, 	-3.596312e-004, 	-8.341993e-003, 	-3.596312e-004, 	3.533870e-003, 	9.204307e-004, 	3.964077e-005, 	-2.727030e-005, 	-2.887506e-005, 	-2.888824e-005, 	-2.888828e-005, 	-2.888828e-005, 
	-2.888828e-005, 	-2.888828e-005, 	-2.888821e-005, 	-2.886403e-005, 	-2.592095e-005, 	9.679201e-005, 	1.712135e-003, 	6.505107e-003, 	-6.354613e-004, 	-1.527488e-002, 	-6.354613e-004, 	6.505107e-003, 	1.712135e-003, 	9.679201e-005, 	-2.592095e-005, 	-2.886403e-005, 	-2.888821e-005, 	-2.888828e-005, 	-2.888828e-005, 
	-2.888828e-005, 	-2.888828e-005, 	-2.888816e-005, 	-2.884844e-005, 	-2.401355e-005, 	1.775798e-004, 	2.831272e-003, 	1.070519e-002, 	-1.025369e-003, 	-2.507507e-002, 	-1.025369e-003, 	1.070519e-002, 	2.831272e-003, 	1.775798e-004, 	-2.401355e-005, 	-2.884844e-005, 	-2.888816e-005, 	-2.888828e-005, 	-2.888828e-005, 
	-2.888828e-005, 	-2.888828e-005, 	-2.888811e-005, 	-2.882966e-005, 	-2.171476e-005, 	2.749444e-004, 	4.180044e-003, 	1.576708e-002, 	-1.495281e-003, 	-3.688615e-002, 	-1.495281e-003, 	1.576708e-002, 	4.180044e-003, 	2.749444e-004, 	-2.171476e-005, 	-2.882966e-005, 	-2.888811e-005, 	-2.888828e-005, 	-2.888828e-005, 
	-2.888828e-005, 	-2.888828e-005, 	-2.888805e-005, 	-2.881101e-005, 	-1.943219e-005, 	3.716220e-004, 	5.519299e-003, 	2.079325e-002, 	-1.961878e-003, 	-4.861389e-002, 	-1.961878e-003, 	2.079325e-002, 	5.519299e-003, 	3.716220e-004, 	-1.943219e-005, 	-2.881101e-005, 	-2.888805e-005, 	-2.888828e-005, 	-2.888828e-005, 
	-2.888828e-005, 	-2.888828e-005, 	-2.888801e-005, 	-2.879704e-005, 	-1.772249e-005, 	4.440362e-004, 	6.522438e-003, 	2.455799e-002, 	-2.311372e-003, 	-5.739829e-002, 	-2.311372e-003, 	2.455799e-002, 	6.522438e-003, 	4.440362e-004, 	-1.772249e-005, 	-2.879704e-005, 	-2.888801e-005, 	-2.888828e-005, 	-2.888828e-005, 
	-2.888828e-005, 	-2.888828e-005, 	-2.888800e-005, 	-2.879180e-005, 	-1.708107e-005, 	4.712032e-004, 	6.898777e-003, 	2.597038e-002, 	-2.442488e-003, 	-6.069385e-002, 	-2.442488e-003, 	2.597038e-002, 	6.898777e-003, 	4.712032e-004, 	-1.708107e-005, 	-2.879180e-005, 	-2.888800e-005, 	-2.888828e-005, 	-2.888828e-005, 
	-2.888828e-005, 	-2.888828e-005, 	-2.888801e-005, 	-2.879704e-005, 	-1.772249e-005, 	4.440362e-004, 	6.522438e-003, 	2.455799e-002, 	-2.311372e-003, 	-5.739829e-002, 	-2.311372e-003, 	2.455799e-002, 	6.522438e-003, 	4.440362e-004, 	-1.772249e-005, 	-2.879704e-005, 	-2.888801e-005, 	-2.888828e-005, 	-2.888828e-005, 
